24
24
24
24
27
27
41
19
19
39
39
39
39
39
39
39
19
19
19
19
19
19
9
9
9
24
24
24
12
12
12
8
9
4
8
37
41
8
27
8
21
33
33
33
0
44
37
35
35
37
37
31
32
61
61
8
8
32
37
27
41
41
56
0
33
37
20
32
0
37
27
41
41
49
49
37
6
6
6
6
6
49
32
16
16
16
16
21
49
39
39
0
48
19
19
41
27
19
19
19
27
9
6
6
32
27
41
41
41
37
41
12
12
9
0
38
38
38
38
38
38
38
0
0
0
0
0
0
0
0
0
0
0
0
0
0
0
0
0
38
0
0
28
28
31
31
31
14
20
20
48
20
51
51
17
17
18
18
42
51
21
21
21
23
23
23
16
16
14
0
0
6
0
48
21
32
32
9
9
9
21
25
0
38
38
25
43
43
37
17
12
23
23
23
38
0
54
37
41
37
41
8
8
37
6
11
35
20
11
11
0
31
51
4
4
0
0
2
2
2
2
2
2
2
32
2
2
2
2
2
39
39
39
39
23
23
23
23
46
46
46
32
32
32
37
37
61
61
61
61
61
40
40
40
40
40
40
40
18
2
2
33
33
42
42
42
42
6
8
8
23
0
38
2
27
61
35
48
2
2
25
7
7
7
7
7
2
2
25
48
1
35
7
18
18
0
1
14
27
35
7
27
27
18
7
7
7
18
51
33
7
1
1
32
18
48
30
0
30
30
17
30
30
29
29
29
29
12
28
30
22
22
22
22
30
30
0
25
2
33
35
30
30
40
60
12
12
20
33
37
37
7
31
0
26
26
26
26
26
39
1
31
44
27
43
42
48
2
47
28
28
30
30
0
15
15
15
15
15
15
15
15
15
15
15
15
15
12
11
11
15
9
9
18
35
35
46
47
47
5
5
5
5
20
20
0
0
20
0
0
20
20
20
0
0
0
0
0
0
0
0
20
20
20
20
20
0
20
0
20
48
48
48
48
51
51
43
43
43
43
43
51
51
51
51
51
51
51
51
51
0
51
51
51
0
51
26
9
9
43
43
43
39
39
48
48
48
48
48
48
42
42
42
42
42
42
42
42
42
42
42
42
43
43
1
43
43
43
1
1
1
1
1
1
1
34
34
34
34
34
34
34
34
34
34
34
34
34
34
34
34
34
34
34
34
34
34
0
39
39
5
5
5
5
3
3
1
42
42
42
42
3
3
3
3
3
43
18
19
42
42
48
48
48
48
48
48
3
3
3
3
3
3
3
3
3
3
3
3
3
38
48
48
26
26
26
26
0
0
0
0
0
0
0
0
0
0
0
0
0
0
0
0
0
0
0
0
0
0
0
0
0
0
0
0
0
0
0
0
38
48
48
23
7
3
3
10
10
25
25
25
25
25
25
25
25
50
50
50
50
15
50
19
15
15
15
44
23
15
15
15
15
15
50
28
0
25
25
50
37
38
1
1
35
12
2
2
30
30
30
30
28
35
50
11
37
50
50
50
50
35
0
23
23
16
16
43
32
32
42
26
30
59
61
51
19
50
26
26
26
26
26
50
18
40
40
40
36
3
3
36
26
42
42
42
1
50
50
34
42
0
27
27
17
17
23
23
27
27
27
27
12
12
25
0
1
23
2
63
63
63
63
63
63
63
63
63
63
63
63
63
52
27
27
54
0
0
54
0
0
0
0
0
0
54
54
54
54
54
54
54
54
54
54
54
54
54
54
54
54
54
54
54
54
54
54
54
54
54
54
54
54
54
54
54
54
55
55
55
55
53
53
53
53
27
55
27
27
27
54
54
54
54
54
54
54
54
54
60
0
0
0
48
48
56
56
57
57
57
57
59
59
50
50
50
59
45
45
45
45
45
45
45
45
45
25
51
0
13
13
13
13
13
13
13
13
13
0
0
0
13
13
23
13
25
25
1
0
25
25
64
64
64
64
64
64
64
64
63
64
63
63
63
63
63
63
63
63
63
11
1
45
64
64
64
64
64
64
64
16
16
52
52
52
0
0
60
60
60
51
61
61
61
23
59
59
37
61
33
70
55
37
1
70
42
23
2
56
6
21
2
13
13
13
13
13
13
60
33
33
64
42
63
63
63
60
60
60
0
0
0
0
0
0
0
0
1
0
1
61
0
45
0
0
0
50
0
45
45
15
15
15
15
15
59
43
15
5
45
45
46
45
45
45
45
40
40
0
61
13
13
20
20
0
5
5
20
20
20
20
20
20
20
20
15
15
26
26
45
45
39
26
44
43
27
27
59
59
40
40
1
26
20
20
20
20
18
1
1
63
39
39
13
13
17
48
65
1
39
62
62
62
62
62
62
62
62
0
62
62
62
62
62
62
62
62
62
62
62
62
62
62
62
35
35
35
1
62
62
35
37
1
63
65
65
65
0
66
66
66
66
0
0
45
45
59
23
23
23
23
23
23
23
23
23
23
61
61
23
63
63
63
63
63
18
12
48
63
45
52
52
23
23
23
27
52
63
13
13
13
13
0
27
1
42
42
42
65
65
13
23
0
26
23
23
23
13
1
1
1
26
26
23
48
40
40
1
0
17
17
17
17
40
40
40
23
41
23
23
13
39
26
13
13
13
13
59
23
2
13
13
13
13
13
35
35
67
67
67
67
67
50
68
68
68
68
68
68
68
68
26
26
23
23
23
23
23
23
23
23
23
23
23
23
23
23
23
23
68
68
68
68
68
68
15
26
27
27
13
13
68
13
13
70
70
68
50
50
50
50
50
50
68
70
70
